12
10 50
8 42
8 43
9 46
6 32
7 36
7 36
8 42
9 47
7 39
8 40
8 43
0.5875 0.4125 0 0 1 0.32025 F 0.550546692354261
0.5025 0.4975 0 0 1 0.87008 F -0.509524136817418
0.3675 0.6325 0 0 1 2.49057 F -0.687526822628794
0.4175 0.5825 0 0 1 2.72609 T -1.78735563585591
0.76375 0.23625 0 0 1 4.64908 F -0.666369341325733
0.255 0.745 0 0 1 5.40974 F -0.145769081814564
0.48125 0.51875 0 0 1 6.35116 F -1.39652354057135
0.46 0.54 0 0 1 7.14394 F 1.617646816773
0.5725 0.4275 0 0 1 7.68012 F 0.0155552105645929
0.265 0.735 0 0 1 10.78934 F -0.384343063755124
0.3825 0.30375 0.15375 0.16 1 11.47357 T -0.443742710430421
0.50375 0.49625 0 0 1 11.85686 F -0.441447197330645
0.36375 0.63625 0 0 1 14.09488 T 0.838043926066945
0.69625 0.30375 0 0 1 16.99667 F 1.24113658516812
0.18625 0.36625 0.1425 0.305 1 17.39366 T 0.000324350535851102
0.31625 0.68375 0 0 1 18.26652 F -0.0432400112958068
0.5925 0.4075 0 0 1 20.43152 F 0.291737777437357
0.32125 0.67875 0 0 1 23.10882 F -0.0713804876224942
0.51 0.49 0 0 1 24.14186 T 0.34591264554708
0.74375 0.25625 0 0 1 25.26759 F -1.35001076574179
0.66125 0.33875 0 0 1 27.56979 F -0.727746647022502
0.42125 0.57875 0 0 1 28.78835 F -0.617338058595052
0.52875 0.47125 0 0 1 30.9896 F -0.690749074821737
0.67375 0.32625 0 0 1 32.24532 T 0.482485512090878
0.76 0.24 0 0 1 32.732 F -0.37946541949959
0.44375 0.55625 0 0 1 33.32171 F -1.39236153182335
0.58 0.42 0 0 1 33.71217 F 0.470566472054715
0.5475 0.4525 0 0 1 35.13488 F -0.143244774759824
0.4425 0.5575 0 0 1 37.45453 F 0.238053668595114
0.46 0.54 0 0 1 38.83715 F -0.106088686068188
0.74125 0.25875 0 0 1 39.11857 F 0.520144967229746
0.57375 0.42625 0 0 1 39.60847 F 0.486977433139889
0.6075 0.3925 0 0 1 42.43609 F 0.569938486694104
0.595 0.405 0 0 1 42.69 F -0.490719235247494
0.4725 0.5275 0 0 1 48.76416 F 0.315105297677872
0.6175 0.3825 0 0 1 48.9544 F 1.22306965771204
0.50125 0.49875 0 0 1 49.80322 F 0.25370559279404
0.5025 0.4975 0 0 1 53.26403 F 0.341681999307188
0.6125 0.3875 0 0 1 53.29226 F -0.915066128962097
0.635 0.365 0 0 1 54.84978 F -0.105440911744317
0.41125 0.58875 0 0 1 55.38112 F -2.84990444929465
0.66 0.34 0 0 1 56.61017 F -0.461949754332268
0.33875 0.66125 0 0 1 60.09492 F 0.813903159617783
0.4925 0.5075 0 0 1 61.29819 F 2.17497467912275
0.52 0.48 0 0 1 63.5092 F -0.338253137093267
0.50375 0.49625 0 0 1 65.39494 T -0.356813784312286
0.5625 0.4375 0 0 1 65.80312 F 0.843212707156199
0.55 0.45 0 0 1 74.86383 T -0.0367627777504511
0.53875 0.46125 0 0 1 76.46696 F 0.501227800023568
0.54875 0.45125 0 0 1 78.15253 F -0.0429119518924461
0.48625 0.51375 0 0 1 78.89944 F 1.67470089061943
0.575 0.425 0 0 1 81.52174 F -0.882813283020645
0.21875 0.195 0.24 0.34625 1 83.01221 T -0.171882151083605
0.44625 0.55375 0 0 1 83.44141 T -0.847471481479777
0.24625 0.75375 0 0 1 83.52439 F 1.88859337149327
0.44875 0.55125 0 0 1 83.94612 F 1.67352939424887
0.58125 0.41875 0 0 1 84.51066 F -0.171517773690081
0.625 0.375 0 0 1 84.96538 F -1.2000873768989
0.5325 0.4675 0 0 1 86.48318 F 1.64340314726431
0.51625 0.48375 0 0 1 86.59258 F -1.14887295365844
0.4875 0.5125 0 0 2 1.45388 F 1.10452902746828
0.3775 0.6225 0 0 2 1.69184 F 1.50098657689513
0.525 0.475 0 0 2 3.79271 F 2.17239229095753
0.4975 0.5025 0 0 2 5.263 F 0.036112325027965
0.64375 0.35625 0 0 2 6.33829 F -0.623158878203047
0.58875 0.41125 0 0 2 8.37907 F 0.257876510517581
0.525 0.475 0 0 2 9.44466 F -0.0773559416279009
0.39 0.61 0 0 2 9.60284 F 0.135541364576223
0.645 0.355 0 0 2 10.31359 F 0.905848678830768
0.20375 0.79625 0 0 2 10.33369 F 0.640122427865173
0.3225 0.6775 0 0 2 12.06624 F -0.596163229091179
0.3475 0.1225 0.3175 0.2125 2 14.42042 T -0.268163786512143
0.43625 0.56375 0 0 2 15.32577 F -0.456498012325177
0.725 0.275 0 0 2 15.63591 F -0.949090819989834
0.51 0.49 0 0 2 18.06538 F 0.557907208014716
0.52125 0.47875 0 0 2 20.40386 F 2.88146990128295
0.6075 0.3925 0 0 2 21.91181 T 1.75607907811244
0.64375 0.35625 0 0 2 23.35389 F -0.572574352017762
0.55125 0.44875 0 0 2 24.89137 F 0.765707251062318
0.12375 0.34125 0.3975 0.1375 2 26.00985 T -0.131352418125298
0.21 0.79 0 0 2 26.02348 F -0.774144832883592
0.2975 0.7025 0 0 2 28.27881 F -0.529544817981776
0.54 0.46 0 0 2 28.73662 F -0.10412383550017
0.46125 0.53875 0 0 2 29.24616 F -0.632515228040331
0.47875 0.52125 0 0 2 31.2647 F 0.175957586533029
0.4575 0.5425 0 0 2 31.69238 F -1.33253197060916
0.485 0.515 0 0 2 33.57903 F 0.414362554153606
0.475 0.06125 0.11125 0.3525 2 33.79202 T -0.151956364986932
0.38 0.62 0 0 2 34.19372 F -0.849332496128673
0.3825 0.6175 0 0 2 35.43164 F -1.74737870041394
0.43375 0.56625 0 0 2 44.05996 F 0.116463126697501
0.52 0.48 0 0 2 44.6957 F 1.28078845758047
0.42625 0.57375 0 0 2 45.60222 F -1.90887689730037
0.44875 0.55125 0 0 2 45.74116 F -0.583694711192984
0.36375 0.1525 0.23625 0.2475 2 48.01815 T 0.61839462300828
0.52 0.48 0 0 2 49.4664 F 0.0411751278269613
0.53375 0.46625 0 0 2 50.00838 F -0.00132575894984608
0.33875 0.66125 0 0 2 50.35322 F -1.15205204713687
0.39625 0.60375 0 0 2 50.66951 F -0.599664813508112
0.66375 0.33625 0 0 2 50.94544 T 0.724535222864097
0.47625 0.52375 0 0 2 53.1293 F -1.19623554817001
0.55875 0.44125 0 0 2 54.04098 F 0.488790686210964
0.43875 0.56125 0 0 2 55.68915 F -0.0832028658214588
0.325 0.675 0 0 2 60.04833 F -1.09911706714873
0.35125 0.19875 0.16 0.29 2 62.66489 T -0.160148884174102
0.21375 0.12125 0.3175 0.3475 2 65.90443 T -0.193630680527242
0.55125 0.44875 0 0 2 66.2259 F 0.104938061802009
0.485 0.515 0 0 2 68.19795 F -1.64481038979636
0.6975 0.3025 0 0 2 68.64516 F 0.0566171623256237
0.48 0.52 0 0 2 72.96497 F -0.341977438989606
0.65875 0.34125 0 0 3 0.58755 F 0.629241718036834
0.47125 0.52875 0 0 3 1.18364 F -0.180871760144614
0.325 0.675 0 0 3 3.82143 F -0.450279559160536
0.2575 0.1825 0.21 0.35 3 4.02052 T 2.16037134592876
0.60375 0.39625 0 0 3 5.49627 F 0.647203668051412
0.24 0.20375 0.4 0.15625 3 6.59235 T -0.935715345051443
0.59 0.41 0 0 3 8.34801 F -0.12792159968889
0.42625 0.57375 0 0 3 10.09542 F 0.290634171716404
0.58125 0.41875 0 0 3 10.58595 F 0.979768842511514
0.26125 0.73875 0 0 3 10.69566 F -0.541987882743142
0.54875 0.45125 0 0 3 11.32598 F 2.1061093798105
0.53875 0.46125 0 0 3 12.24111 T 0.506081057076952
0.50875 0.49125 0 0 3 13.83906 F 0.0338349070457522
0.23625 0.215 0.21 0.33875 3 14.06286 T 1.29687111423163
0.1525 0.16375 0.2925 0.39125 3 16.07572 T -0.544834634487255
0.39125 0.60875 0 0 3 16.44205 F -0.952051728537063
0.52875 0.47125 0 0 3 18.14898 F 0.775157557627472
0.21875 0.78125 0 0 3 21.81268 F 0.893716139210363
0.44375 0.55625 0 0 3 22.45266 F -0.480572760333832
0.33 0.67 0 0 3 23.70272 F 0.180075662504039
0.4225 0.5775 0 0 3 29.37335 F 0.241474633343578
0.34625 0.65375 0 0 3 32.96267 F -0.425877488263929
0.25875 0.74125 0 0 3 37.11557 F -0.806311422474086
0.5275 0.4725 0 0 3 38.46085 F 0.45088417488431
0.71 0.29 0 0 3 38.6284 F 1.78735638042964
0.4275 0.5725 0 0 3 39.20128 F 0.815010910512893
0.215 0.785 0 0 3 39.77705 F 0.418685054404995
0.375 0.625 0 0 3 40.47672 F 0.109760772567762
0.15125 0.45375 0.08 0.315 3 40.94955 T 0.00715594171475078
0.1975 0.8025 0 0 3 44.78589 F -1.55830875586671
0.55125 0.44875 0 0 3 45.45852 F -1.09651483431411
0.6975 0.3025 0 0 3 45.88139 F -0.0947993776976452
0.56625 0.43375 0 0 3 48.7541 F -0.320766724390661
0.33375 0.66625 0 0 3 48.84414 F 1.1731976260414
0.475 0.525 0 0 3 49.69968 F -0.123505144107236
0.4425 0.5575 0 0 3 50.71576 F -0.61041422760696
0.315 0.685 0 0 3 52.44151 F -0.328303920783075
0.32375 0.67625 0 0 3 52.61613 F 1.70986310152315
0.36375 0.63625 0 0 3 56.10043 F 0.743618133282842
0.4325 0.5675 0 0 3 56.35674 T 0.00528687566532279
0.37625 0.62375 0 0 3 57.17578 F -0.135019698844479
0.6975 0.3025 0 0 3 58.30538 F -0.953162298758616
0.48625 0.51375 0 0 3 60.58434 F -1.09716645286663
0.57 0.43 0 0 3 61.97998 F -0.155858568373849
0.41375 0.58625 0 0 3 62.18497 T 1.91990274511703
0.58625 0.41375 0 0 3 66.34471 F 1.33393726805495
0.51125 0.48875 0 0 3 67.09296 F 0.738203757953745
0.3675 0.6325 0 0 3 67.58314 F -0.195512863581782
0.62 0.38 0 0 3 70.06424 F 0.417760538988684
0.34375 0.65625 0 0 3 72.8478 F -1.42692901511287
0.49625 0.50375 0 0 3 76.34343 F 0.667892111662721
0.64 0.36 0 0 4 1.73272 T -0.216825423389211
0.5325 0.4675 0 0 4 2.3086 F 2.43326163795546
0.70125 0.29875 0 0 4 3.58123 F -1.53365128605071
0.54125 0.45875 0 0 4 4.19632 F 0.00845082799168876
0.38875 0.61125 0 0 4 5.33755 F -1.6431124075128
0.44625 0.55375 0 0 4 6.30917 F 0.241466473229794
0.5425 0.4575 0 0 4 7.81256 F 0.108253015791842
0.375 0.2225 0.11875 0.28375 4 9.1122 T 1.08252487769166
0.365 0.23875 0.2025 0.19375 4 9.5952 T 0.351433351103184
0.55625 0.44375 0 0 4 10.00349 F 1.50855128427967
0.3175 0.6825 0 0 4 11.12467 F -0.479242698223641
0.46 0.54 0 0 4 11.8682 F 0.350512230382624
0.4325 0.5675 0 0 4 12.27431 F -1.16402190867555
0.4875 0.5125 0 0 4 16.82537 F -0.402500268509942
0.37375 0.62625 0 0 4 17.44612 F 0.470698466719556
0.36125 0.63875 0 0 4 19.17106 T -1.24094151211084
0.3675 0.6325 0 0 4 19.77944 F -0.685899866106107
0.47125 0.52875 0 0 4 22.04101 T 0.30278326316946
0.5975 0.4025 0 0 4 24.40531 F 0.276944408039057
0.4625 0.5375 0 0 4 24.65115 F -0.716252793558775
0.4125 0.5875 0 0 4 31.49702 T 2.0040832443004
0.625 0.375 0 0 4 31.89831 F 1.01325079480697
0.41125 0.58875 0 0 4 32.8669 F -1.7612394523256
0.45375 0.54625 0 0 4 33.76536 F 0.855090405363241
0.6425 0.3575 0 0 4 34.01056 F 0.0623135129429023
0.5075 0.4925 0 0 4 34.69862 F -0.289669190076746
0.3525 0.6475 0 0 4 37.31024 F 1.28059541349204
0.3875 0.6125 0 0 4 40.43939 F 1.76008420004329
0.715 0.285 0 0 4 40.92471 F 1.33123110499958
0.5 0.5 0 0 4 41.74717 F -0.376731714123153
0.565 0.435 0 0 4 41.99175 F 0.305326982802678
0.57 0.43 0 0 4 42.91496 F -0.75521732572776
0.3 0.7 0 0 4 47.92542 F 1.65893406152484
0.3925 0.6075 0 0 4 51.23454 F 0.606762506526463
0.4875 0.5125 0 0 4 51.29232 F 0.709418767220349
0.47 0.53 0 0 4 54.63338 F 0.307647716161861
0.3425 0.6575 0 0 4 56.10585 F 0.660791212453883
0.39875 0.60125 0 0 4 56.23831 F 0.473949211780264
0.4275 0.5725 0 0 4 56.8406 F 1.51818199206092
0.36625 0.63375 0 0 4 57.17234 F -0.963640190339313
0.47625 0.52375 0 0 4 57.33565 F -1.25231639120236
0.645 0.355 0 0 4 57.54247 F 0.12627134660923
0.51375 0.48625 0 0 4 58.08621 F 1.93288416603725
0.4525 0.5475 0 0 4 59.76421 F -1.81932911651999
0.64125 0.35875 0 0 4 59.97938 F -0.493987565042423
0.5625 0.4375 0 0 4 62.21522 F 0.122566852607637
0.43 0.57 0 0 4 66.78886 F -0.0573689175324955
0.05625 0.14625 0.54 0.2575 4 70.17095 T 1.02191987540843
0.735 0.265 0 0 4 71.15215 F -1.23892146305455
0.49375 0.1075 0.3225 0.07625 4 73.47713 T 0.711694480735857
0.3275 0.6725 0 0 4 78.25269 F 0.0994177165415613
0.1325 0.53 0.11625 0.22125 4 78.58717 T -0.784920562878552
0.44125 0.55875 0 0 4 78.82964 F -0.451850186728486
0.4775 0.5225 0 0 4 78.94382 F -0.789025046680754
0.33875 0.66125 0 0 4 80.72321 F -0.579362851082632
0.3775 0.6225 0 0 5 0.44836 F -1.11898702613298
0.40625 0.59375 0 0 5 2.74429 F 0.50095417329195
0.4675 0.5325 0 0 5 3.03572 F 0.00861048083170263
0.52 0.48 0 0 5 4.84962 F -0.68903547326867
0.55875 0.44125 0 0 5 5.20528 F 1.21524525561973
0.5175 0.4825 0 0 5 5.80809 F 1.53687592707244
0.5225 0.4775 0 0 5 7.20097 F -0.642171057032563
0.4975 0.5025 0 0 5 8.02265 F 0.944773901596992
0.42 0.58 0 0 5 9.58987 F -0.0701770788234266
0.32875 0.67125 0 0 5 10.03179 F -0.16189246096981
0.53375 0.46625 0 0 5 11.27137 F 0.742028679797034
0.57375 0.42625 0 0 5 11.49434 F -0.571529928713717
0.5575 0.4425 0 0 5 11.51183 F -0.415483205829462
0.2975 0.7025 0 0 5 11.66532 T 0.480328646089709
0.39 0.61 0 0 5 11.99764 F -0.840931096318491
0.52 0.48 0 0 5 19.33792 F 0.132687116451231
0.5575 0.4425 0 0 5 19.40645 F -0.485985038789323
0.3575 0.6425 0 0 5 22.5631 F -0.813196256148343
0.4025 0.5975 0 0 5 22.75411 F 0.118326325377741
0.5425 0.4575 0 0 5 25.10092 F -0.0823787512271372
0.48625 0.51375 0 0 5 25.1079 F 1.24331504138764
0.17 0.47375 0.1125 0.24375 5 29.9669 T 0.366323852230551
0.45375 0.54625 0 0 5 30.8258 F -0.536187605003516
0.125 0.875 0 0 5 31.24014 F -1.57148097075053
0.43125 0.56875 0 0 5 31.72171 F -0.710649527401651
0.335 0.665 0 0 5 33.6677 T -0.134041249903063
0.3525 0.6475 0 0 5 35.57138 F 0.526216086909529
0.44875 0.55125 0 0 5 36.7908 F -0.0842555749353519
0.4975 0.5025 0 0 5 37.79888 F -2.21519479121171
0.475 0.525 0 0 5 39.42726 T 0.191475181351119
0.45625 0.18625 0.16875 0.18875 5 40.14417 T -1.60270022424434
0.32 0.68 0 0 5 42.27758 F 0.466382674210805
0.58625 0.41375 0 0 5 44.77667 F 1.07724127449892
0.57375 0.42625 0 0 5 50.56324 F 0.106423134616208
0.415 0.585 0 0 5 53.48624 F -0.0636940180563814
0.67125 0.32875 0 0 5 53.79493 F -1.87919667908666
0.38375 0.61625 0 0 5 53.94466 T 0.662069793775503
0.58375 0.41625 0 0 5 55.64868 F 1.709634585127
0.52875 0.47125 0 0 6 0.43956 F 0.441084273449196
0.3675 0.6325 0 0 6 2.23635 F 0.951497634141308
0.56375 0.43625 0 0 6 2.38743 F -0.508221759568324
0.38125 0.61875 0 0 6 2.55377 F -0.293725684276311
0.25 0.295 0.28125 0.17375 6 2.89129 T 0.633476941579555
0.4275 0.5725 0 0 6 4.86872 F -0.82167429319847
0.4675 0.5325 0 0 6 5.39152 F 1.59175672829137
0.42 0.58 0 0 6 7.68564 F 3.51426358035288
0.4125 0.5875 0 0 6 10.18377 F 0.0157934343005985
0.5625 0.4375 0 0 6 11.50105 F -0.451573541237127
0.5275 0.4725 0 0 6 12.91419 F -0.0410054561157516
0.66125 0.33875 0 0 6 15.30656 F 0.793582692167341
0.395 0.605 0 0 6 16.54 F -0.664576768812019
0.56875 0.43125 0 0 6 16.89827 F 1.62464101704294
0.39 0.61 0 0 6 18.09426 F 0.242955315688226
0.40875 0.59125 0 0 6 22.74302 F -0.704799131594988
0.54375 0.45625 0 0 6 25.88327 F -0.878612437738499
0.495 0.505 0 0 6 27.21721 F -1.40118405900401
0.22875 0.27125 0.11875 0.38125 6 27.87181 T 2.6005657468589
0.81375 0.18625 0 0 6 28.20225 F -1.35766500186908
0.455 0.545 0 0 6 29.69953 F -0.824819137502294
0.3875 0.6125 0 0 6 30.2479 F 1.63060344257854
0.67125 0.32875 0 0 6 30.51593 F -1.88613673559915
0.315 0.685 0 0 6 31.37431 F -0.525878808039249
0.7275 0.2725 0 0 6 35.05351 F 2.99636160898317
0.46875 0.53125 0 0 6 36.26732 F 0.91339868772757
0.75375 0.24625 0 0 6 37.17469 T -0.378185782311867
0.56 0.44 0 0 6 40.79157 T 0.100204703295149
0.54875 0.45125 0 0 6 41.42055 F -0.948455032337458
0.45375 0.54625 0 0 6 43.34015 F 0.630339889495097
0.2375 0.7625 0 0 6 43.45232 F 1.21560063571068
0.36125 0.4 0.02875 0.21 6 46.20959 T 0.868788592586819
0.54625 0.45375 0 0 6 47.29556 F -1.29173963520952
0.47875 0.52125 0 0 6 47.48787 T -0.360739835749977
0.6825 0.3175 0 0 6 47.96212 F 0.881853997961211
0.435 0.565 0 0 6 49.4351 F 1.20120064633766
0.33875 0.66125 0 0 6 50.70309 F 1.36452434273088
0.58625 0.41375 0 0 6 52.42305 F 1.60180958170829
0.54 0.46 0 0 6 53.51645 F 0.91186193342495
0.555 0.445 0 0 6 54.28512 T -0.222184400059619
0.7875 0.2125 0 0 6 62.08192 F 1.72426927747902
0.47125 0.52875 0 0 6 63.78405 F -1.38723116270361
0.7125 0.2875 0 0 6 64.24323 F 1.13638518574144
0.3875 0.6125 0 0 7 0.81213 F -0.450731124711044
0.4525 0.5475 0 0 7 3.16875 F -1.47278832400662
0.43875 0.56125 0 0 7 4.60738 F -0.128803113984572
0.58375 0.41625 0 0 7 5.49813 F -0.667737418425508
0.575 0.425 0 0 7 8.39578 F 0.110852606684097
0.4225 0.5775 0 0 7 9.68998 F -0.386241627400978
0.5775 0.4225 0 0 7 11.82724 F -1.43255029005387
0.51 0.49 0 0 7 12.12814 F -2.0536635307654
0.44625 0.55375 0 0 7 12.3046 T -0.458196282247192
0.4975 0.5025 0 0 7 14.73505 F -0.476197373286665
0.49625 0.50375 0 0 7 17.34596 F 1.41780564229424
0.45875 0.54125 0 0 7 17.52835 F -0.231336393519766
0.26375 0.15125 0.33625 0.24875 7 17.83217 T 0.253760983327285
0.58125 0.41875 0 0 7 18.01471 F -1.08338951778801
0.6125 0.3875 0 0 7 19.68708 F -0.164076558793748
0.49375 0.50625 0 0 7 19.73129 T 0.469630879342369
0.72125 0.27875 0 0 7 20.98456 T 0.225382421308745
0.42375 0.57625 0 0 7 21.99014 F -0.499215036140267
0.635 0.365 0 0 7 23.77965 F 0.669409072799621
0.40375 0.59625 0 0 7 23.96665 F 0.0787727213731136
0.5575 0.4425 0 0 7 24.29888 F 1.17450955637922
0.3725 0.6275 0 0 7 24.77556 F 2.10975965139363
0.52375 0.47625 0 0 7 25.17086 F 1.2047212600245
0.505 0.495 0 0 7 25.41299 F -2.76603113765353
0.2775 0.19625 0.04125 0.485 7 32.48913 T -0.0367770593043577
0.11375 0.17375 0.41375 0.29875 7 33.86094 T -0.707526968697434
0.725 0.275 0 0 7 33.99398 F 0.667541826748961
0.37375 0.62625 0 0 7 35.69275 F 0.549147536958075
0.53625 0.46375 0 0 7 36.10539 F -1.01967847952776
0.42125 0.57875 0 0 7 36.52894 F 0.431169211902226
0.6225 0.3775 0 0 7 37.19605 F -0.842424717724442
0.13375 0.86625 0 0 7 38.53289 F -1.69507054747988
0.46 0.54 0 0 7 40.65554 F 0.286838358300416
0.71 0.29 0 0 7 41.19176 F -1.9473236720204
0.23375 0.76625 0 0 7 43.77899 F 1.19250441703962
0.44875 0.55125 0 0 7 45.37952 F 0.774845656068065
0.30875 0.69125 0 0 7 45.8917 F 1.21175185535966
0.415 0.585 0 0 7 49.31529 T 0.12039343539862
0.58875 0.41125 0 0 7 51.95115 F 0.853481379724188
0.39125 0.60875 0 0 7 52.04269 F 0.114562926012652
0.52 0.48 0 0 7 52.9697 F 1.39406446257682
0.4875 0.5125 0 0 7 61.45176 F 1.13752149942946
0.45 0.55 0 0 7 64.89501 F 1.30055676140463
0.50625 0.49375 0 0 8 1.57482 F -0.286232818719261
0.49375 0.50625 0 0 8 2.45797 F -0.623228463110384
0.3425 0.6575 0 0 8 2.81461 F 0.646675506402205
0.33625 0.66375 0 0 8 3.0162 F 0.0751020483936854
0.22 0.78 0 0 8 4.93248 F -0.200420158194718
0.395 0.605 0 0 8 5.66108 F 0.0190555316470271
0.335 0.665 0 0 8 5.6756 F 1.4792451831011
0.65 0.35 0 0 8 5.84522 F 1.54633863322701
0.4225 0.5775 0 0 8 9.11787 F -1.50733424635665
0.6075 0.3925 0 0 8 10.26648 F 0.726166046937261
0.39375 0.60625 0 0 8 10.45479 F 0.226368955095799
0.57625 0.42375 0 0 8 10.53207 F -0.935294064005574
0.40125 0.59875 0 0 8 16.17055 F -0.883014311654429
0.4025 0.5975 0 0 8 18.6946 F 0.759241932495428
0.455 0.545 0 0 8 20.21542 F 0.554018135003364
0.49375 0.50625 0 0 8 20.40802 F -0.255781764332871
0.6125 0.3875 0 0 8 20.79649 F -0.854051617788639
0.60125 0.39875 0 0 8 22.1697 T 1.786417069822
0.36875 0.63125 0 0 8 22.57536 F 0.415907134623561
0.21625 0.50125 0.1025 0.18 8 23.08592 T 0.331314778084567
0.55625 0.44375 0 0 8 23.6529 F -0.520004256519986
0.5625 0.4375 0 0 8 30.51821 T -1.10587956756109
0.685 0.315 0 0 8 31.09175 T 0.753317525900141
0.31375 0.68625 0 0 8 31.78277 F -1.38308697664206
0.2575 0.7425 0 0 8 34.033 F 0.893566074444173
0.775 0.225 0 0 8 37.30438 T 1.80999567206594
0.4975 0.5025 0 0 8 40.68254 F 0.0246464596473074
0.56375 0.43625 0 0 8 43.7914 F -0.748348955665791
0.71125 0.28875 0 0 8 46.70217 F -0.473228119387719
0.2975 0.7025 0 0 8 47.15455 F -1.40368702174751
0.2275 0.7725 0 0 8 47.20786 F 0.772499266935015
0.29625 0.70375 0 0 8 47.35739 F -2.00606332099716
0.27375 0.72625 0 0 8 49.59828 F 2.61591220117203
0.6575 0.3425 0 0 8 50.48123 F -1.16786552169983
0.54 0.46 0 0 8 51.02362 F -1.07407679200911
0.5375 0.4625 0 0 8 52.4459 T 0.294955359639025
0.25125 0.74875 0 0 8 54.43432 F 0.263114814622235
0.63625 0.36375 0 0 8 56.62302 F -0.228416141877732
0.33625 0.66375 0 0 8 62.85715 F 1.29843994849799
0.61875 0.38125 0 0 8 62.95772 F 0.93317181390561
0.10875 0.30375 0.26625 0.32125 8 63.1378 T 1.59994006451052
0.65875 0.34125 0 0 8 63.18386 F -0.392406252359445
0.4225 0.5775 0 0 8 63.49391 F -0.270587755467523
0.39375 0.60625 0 0 8 64.70448 F 0.788142357204179
0.22375 0.05 0.35625 0.37 8 64.95474 T 0.210975897589998
0.575 0.425 0 0 8 65.11903 F 0.513342611275951
0.3075 0.6925 0 0 8 65.70105 F 0.890499236473855
0.4075 0.5925 0 0 8 71.43417 F 0.282732264249771
0.2575 0.7425 0 0 8 71.98973 F 1.28899499968383
0.38625 0.61375 0 0 8 74.7307 F 0.634346172738428
0.2175 0.11625 0.4225 0.24375 9 1.97775 T -0.466777171746311
0.745 0.255 0 0 9 7.77003 F -1.53207878461571
0.5525 0.4475 0 0 9 8.56824 F 0.802718952856469
0.4525 0.5475 0 0 9 8.65635 F -0.219400557134561
0.3375 0.6625 0 0 9 14.43303 F 1.4874504671331
0.40625 0.59375 0 0 9 14.58286 F -0.82152698871315
0.07875 0.09125 0.195 0.635 9 15.0098 T -0.499056163089166
0.1825 0.395 0.42125 0.00125 9 17.81858 T -1.27911212390012
0.48625 0.51375 0 0 9 18.5692 F 0.750719912292363
0.4975 0.5025 0 0 9 20.69706 F -0.905907330779702
0.6275 0.3725 0 0 9 21.84138 F -0.411265304872166
0.445 0.555 0 0 9 22.21231 T -1.66028604411566
0.39375 0.60625 0 0 9 27.58352 T -0.0329173943492954
0.38125 0.61875 0 0 9 30.94697 F 2.11724611525855
0.4425 0.5575 0 0 9 31.17731 F 0.420117463691987
0.5625 0.4375 0 0 9 32.70292 T 2.03785426564745
0.51875 0.48125 0 0 9 34.65071 F -0.612833280228878
0.25875 0.74125 0 0 9 38.65632 F 1.15143512871531
0.4125 0.5875 0 0 9 40.18968 T -1.59262005788083
0.395 0.605 0 0 9 41.78491 F -0.949311939729852
0.65625 0.34375 0 0 9 43.51466 F 1.07730683918155
0.52375 0.47625 0 0 9 44.75488 F 0.151872301071013
0.5975 0.4025 0 0 9 45.25751 F -1.43264330161239
0.655 0.345 0 0 9 46.08736 F -0.0410274133307851
0.7075 0.2925 0 0 9 46.34286 F -0.870539667984658
0.75 0.25 0 0 9 46.54531 F -0.889971647087004
0.69875 0.30125 0 0 9 46.62946 F -0.693315012895348
0.555 0.445 0 0 9 46.73127 F 1.2523311581656
0.535 0.465 0 0 9 48.43892 F 0.887640943878693
0.625 0.375 0 0 9 49.11897 F 0.890092405781971
0.4525 0.5475 0 0 9 50.00371 F 0.392380678685619
0.55375 0.44625 0 0 9 50.81228 F 0.772275280264772
0.375 0.625 0 0 9 51.06798 F 0.0503468942805705
0.51 0.49 0 0 9 52.06356 F -0.625125653782288
0.4925 0.5075 0 0 9 52.89121 F -0.00400373366653791
0.53875 0.46125 0 0 9 54.73565 F 0.0731300719641485
0.255 0.2 0.1475 0.3975 9 56.11669 T 0.110962639492349
0.74125 0.25875 0 0 9 58.30313 F -0.238972640581368
0.73125 0.26875 0 0 9 58.73238 F 1.17500318614418
0.675 0.325 0 0 9 61.05859 F 0.0912927999588318
0.65375 0.34625 0 0 9 62.11293 F 0.194911024684062
0.6 0.4 0 0 9 65.00153 F 1.82636449436641
0.395 0.605 0 0 9 70.31038 F -0.301661520571828
0.5375 0.4625 0 0 9 71.43051 F -1.06241753980037
0.32 0.3975 0.08625 0.19625 9 73.68201 T -0.563862763536329
0.4325 0.5675 0 0 9 74.09898 F -0.194051191756342
0.25625 0.74375 0 0 9 74.38973 F -0.443095950061094
0.33375 0.66625 0 0 9 74.93613 F -0.862711779544806
0.32 0.68 0 0 9 77.16192 F -1.58559193648884
0.24875 0.75125 0 0 9 77.30392 F -0.130807468834334
0.60625 0.39375 0 0 9 77.59398 F 1.21863036610568
0.71375 0.28625 0 0 9 79.20404 F -0.580084266499126
0.47125 0.52875 0 0 9 81.41443 F 0.861618784202565
0.46875 0.53125 0 0 9 82.55402 F -0.829905283639729
0.5525 0.4475 0 0 9 83.78661 F 1.92094156146472
0.53125 0.46875 0 0 9 84.04591 F 0.219043646838968
0.25625 0.74375 0 0 10 1.35454 F -1.00030342656816
0.8125 0.1875 0 0 10 7.11656 F 0.187696089536067
0.415 0.585 0 0 10 8.02864 F 0.461528789444421
0.27 0.73 0 0 10 8.93289 F -1.74028859450572
0.3575 0.6425 0 0 10 9.52091 F 0.306648205329038
0.38875 0.61125 0 0 10 13.61567 F -0.486635415132234
0.64125 0.35875 0 0 10 18.3267 F -0.0353288306833173
0.4175 0.5825 0 0 10 18.54932 F -0.268045567302368
0.6775 0.3225 0 0 10 20.11336 T -0.471318359137416
0.31125 0.68875 0 0 10 20.57775 F -1.25275965140707
0.48375 0.51625 0 0 10 21.37372 F -1.59522814084854
0.4875 0.5125 0 0 10 21.55945 T -0.777213656119278
0.625 0.375 0 0 10 21.74195 F -0.698809734549725
0.4725 0.5275 0 0 10 22.78725 T -2.36781627986723
0.39125 0.60875 0 0 10 24.43481 F -0.410081617935081
0.54875 0.45125 0 0 10 26.09692 T -0.535515251060734
0.3625 0.6375 0 0 10 27.34094 F 0.818528224694822
0.68375 0.31625 0 0 10 33.18379 F -0.527423258912462
0.57375 0.42625 0 0 10 34.12985 F -0.689346492673148
0.50125 0.49875 0 0 10 36.37061 T 0.0258343911232659
0.4625 0.5375 0 0 10 37.77542 F 0.708682704712838
0.43375 0.56625 0 0 10 38.09481 F 0.774824008310903
0.48 0.52 0 0 10 38.22742 F 0.149455393392616
0.38125 0.61875 0 0 10 38.4501 F 1.37679569279251
0.39 0.61 0 0 10 38.99313 F -0.451942898711857
0.54375 0.45625 0 0 10 40.54346 F -1.13432746067348
0.54 0.46 0 0 10 42.11493 F 1.24691854374396
0.53125 0.46875 0 0 10 44.07028 F -0.0983433113520635
0.36875 0.63125 0 0 10 44.76317 F -0.359616517859305
0.165 0.20125 0.3175 0.31625 10 45.09239 T 0.88992600040314
0.33875 0.66125 0 0 10 51.00761 F -0.0137754540543706
0.36125 0.63875 0 0 10 52.19041 F -0.130664691350402
0.49125 0.50875 0 0 10 52.31811 F -1.31876466428138
0.37125 0.62875 0 0 10 56.6461 F -0.465300779462975
0.68375 0.31625 0 0 10 56.95197 F 0.66411317261989
0.52625 0.47375 0 0 10 58.01484 F 0.224762776985834
0.3625 0.6375 0 0 10 58.50356 T 0.463612027098409
0.35875 0.64125 0 0 10 59.43457 F -0.5143507598403
0.45875 0.54125 0 0 10 60.01672 F 0.116748899882802
0.545 0.455 0 0 10 60.16166 F 0.0343158025231598
0.49375 0.50625 0 0 10 60.59444 F 1.76743888281335
0.53125 0.46875 0 0 10 61.34019 F -0.369419551141387
0.5425 0.4575 0 0 10 61.74405 F 1.01291681716073
0.51625 0.48375 0 0 10 63.30882 F 0.661388680395267
0.39125 0.60875 0 0 10 66.13746 F 1.1316743512142
0.71375 0.28625 0 0 10 67.43314 F -0.235892761617857
0.62625 0.37375 0 0 11 3.76541 T 0.518831498807515
0.6275 0.3725 0 0 11 6.25146 F 0.654575757306742
0.435 0.565 0 0 11 6.46081 F -0.298700029175141
0.4275 0.5725 0 0 11 9.24971 F 0.114432305850302
0.52125 0.47875 0 0 11 9.2622 F -0.764116042219445
0.35 0.65 0 0 11 11.91054 F 0.281856806650776
0.22375 0.77625 0 0 11 13.02383 F 0.867039147996901
0.57 0.43 0 0 11 14.0742 F 1.08284659330842
0.43875 0.56125 0 0 11 14.21379 F 1.75890529459972
0.44 0.56 0 0 11 14.5001 F 0.370275759447138
0.50375 0.49625 0 0 11 15.31676 F 0.874365405433518
0.455 0.545 0 0 11 15.65302 F -2.04789353126346
0.50375 0.49625 0 0 11 15.7998 F 0.110498773839085
0.55125 0.44875 0 0 11 16.22655 T 0.535463601815872
0.60125 0.39875 0 0 11 16.64106 F 0.967588195973179
0.53125 0.46875 0 0 11 17.81554 F -0.828987846045115
0.775 0.225 0 0 11 18.22162 F 1.18757190732213
0.22375 0.2175 0.3975 0.16125 11 19.61041 T 0.00193979733511171
0.5525 0.4475 0 0 11 20.91175 F -1.11396652554146
0.50875 0.49125 0 0 11 21.77687 F 0.998984816515504
0.365 0.635 0 0 11 21.89118 F -1.06460308665016
0.64125 0.35875 0 0 11 21.89179 F 0.406504209451626
0.39625 0.60375 0 0 11 25.38857 F -0.430392139727479
0.41375 0.58625 0 0 11 27.12483 F 0.745093906476412
0.55625 0.44375 0 0 11 29.67057 F 0.0437187521812411
0.53875 0.46125 0 0 11 33.91465 F -2.79228700229272
0.6 0.4 0 0 11 33.91483 F -0.193070674823984
0.5975 0.4025 0 0 11 36.43034 F 1.7856268998423
0.2575 0.35125 0.17625 0.215 11 36.61127 T 1.24098758840027
0.53375 0.46625 0 0 11 37.94929 F -0.489110801687798
0.31 0.69 0 0 11 40.13666 F -0.533485861657344
0.64 0.36 0 0 11 40.38918 F -0.604348039819091
0.25875 0.205 0.40125 0.135 11 41.38383 T 1.60726771934613
0.4425 0.5575 0 0 11 43.39315 F 1.4738935356598
0.27875 0.72125 0 0 11 45.1567 F 0.0185541834214472
0.67 0.33 0 0 11 53.46693 F 0.57385137886125
0.29375 0.70625 0 0 11 54.61946 F 0.231711804935795
0.60125 0.39875 0 0 11 55.67377 F -1.56375046131187
0.52875 0.47125 0 0 11 57.35178 F -0.510238304328641
0.6825 0.3175 0 0 11 61.53923 F 1.03963282424903
0.425 0.575 0 0 11 62.79547 F 0.448493568494377
0.31125 0.68875 0 0 11 63.21119 F -1.30391090412139
0.23125 0.29375 0.35375 0.12125 11 63.3097 T 0.276044304610506
0.49 0.51 0 0 11 64.13294 T 0.24625507912667
0.6575 0.3425 0 0 11 65.55614 F -1.76922766026486
0.435 0.565 0 0 11 66.75539 T 1.58797468043758
0.4025 0.5975 0 0 11 70.39372 F -1.29434437334683
0.45875 0.54125 0 0 11 70.46481 F -0.246271558013543
0.525 0.475 0 0 12 2.82852 F -0.724015036910864
0.4925 0.5075 0 0 12 7.7632 T 1.53501759039236
0.7175 0.2825 0 0 12 10.25504 F -0.593801555405375
0.55875 0.44125 0 0 12 14.85933 F -1.01934467592335
0.4575 0.5425 0 0 12 15.75091 F -0.678684219018783
0.56875 0.43125 0 0 12 15.87331 F 1.24816647488628
0.45 0.55 0 0 12 16.4852 F 2.74660133270275
0.595 0.405 0 0 12 16.537 F 0.112763909127145
0.58375 0.41625 0 0 12 16.73819 F 1.40075959166287
0.455 0.545 0 0 12 19.38531 F 0.768200360032605
0.575 0.425 0 0 12 20.38415 F 0.627573749446695
0.415 0.09 0.26 0.235 12 22.57037 T -0.00364256391159071
0.32375 0.67625 0 0 12 24.56598 F -0.20170329676668
0.265 0.735 0 0 12 25.01312 F -0.570111253435348
0.39375 0.60625 0 0 12 29.16312 F -0.533924273335227
0.4175 0.5825 0 0 12 29.99351 T 0.633300617780993
0.36625 0.63375 0 0 12 30.85411 F 0.937665441885276
0.2525 0.7475 0 0 12 32.23705 F 0.432225636267255
0.48875 0.51125 0 0 12 33.7292 T 0.969985280175127
0.4375 0.5625 0 0 12 34.76247 F -1.77556018099006
0.54125 0.45875 0 0 12 35.11261 F -0.631378987227547
0.1575 0.3375 0.33125 0.17375 12 35.189 T -0.317759518442488
0.58875 0.41125 0 0 12 36.50799 F 0.892074442569285
0.47375 0.52625 0 0 12 37.58526 F 1.22206588512454
0.51 0.49 0 0 12 38.30735 F -0.227641744718735
0.36375 0.63625 0 0 12 39.15176 F -0.720488406478544
0.39625 0.60375 0 0 12 39.88731 F -0.318900244790699
0.36875 0.63125 0 0 12 39.95787 F 1.68117519060806
0.40125 0.59875 0 0 12 40.41044 F 0.737017501362121
0.51125 0.48875 0 0 12 40.76801 F -0.327540238699782
0.52375 0.47625 0 0 12 42.61189 F 2.47596110067843
0.325 0.675 0 0 12 43.65195 F -2.50869143000671
0.62125 0.37875 0 0 12 47.68071 F 1.35458537154977
0.3425 0.1325 0.285 0.24 12 50.51288 T 0.77634830852617
0.605 0.395 0 0 12 51.22361 F -0.145175756415683
0.37625 0.62375 0 0 12 51.93742 F -1.18902909061086
0.51875 0.48125 0 0 12 54.32882 F -0.180809516579487
0.45375 0.54625 0 0 12 61.61819 F 0.868830312272413
0.39375 0.60625 0 0 12 61.88623 F -0.122096929173878
0.2975 0.7025 0 0 12 64.3603 F 0.622139913763323
0.30875 0.23 0.1375 0.32375 12 64.47871 T 1.99470792200788
0.46 0.54 0 0 12 65.67719 F -1.53958427238244
0.4125 0.5875 0 0 12 67.38296 F 0.910962638033092
0.405 0.595 0 0 12 68.14234 F -0.0764206481522539
0.63625 0.36375 0 0 12 68.8552 F -1.2559696892659
0.56875 0.43125 0 0 12 68.98111 F 0.032327859284618
0.56875 0.43125 0 0 12 70.14676 F 0.133567922367916
0.405 0.595 0 0 12 70.18781 F 0.421993949283947
0.49875 0.50125 0 0 12 70.47351 F 1.47514214165077
0.3575 0.0725 0.3475 0.2225 12 74.0344 T 0.531018584779892
0.6375 0.3625 0 0 12 74.11886 F -0.295126635820094
