Genetic architectures include two files: baseHaplotypes.dat & geneticArchitecture.dat.

Format of these two files:

Given we have 3 populations as starting populations:
pop1: 50 invidiudals; Pop2: 40 invidiudals; Pop3: 10 invidiudals

In input.prm:
npopBaseHaplotype=3

Two files are needed:
1. baseHaplotypes.dat
# pop1: 
# 1st line: 25 males and 25 females (sex are not distiguished, thus use equal males and females)
# the following lines includes 100 lines with 50 lines have 1 and 50 have 2. (each indivdual includes 2 lines: one as paternal and one as maternal allele code) 
# Note that allele code (either 1 or 2 in case of biallelic)
# col1: space
# col2: sex (1 or 2)
# col3: 1-nloci including QTL and markers. Here includes both QTL and markers using allele code (either 1 or 2 in case of biallelic)
25 25 
 1 1 2 2 2 2 1 1 2 1 1 2 2 1 1 1 2 1 2 2 2 1 2 1 2 1 1 2 1 2 2 1 1 2 2 2 1 2 1 1 1 1 2 2 1 2 1 1 1 1 2 1 1 1 1 2 1 1 1 1 1 1 2 2 2 2 1 2 1 2 2 2 1 2 1 2 2 1 2 1 2 1 1 1 1 2 2 1 1 1 2 2 1 1 2 1 2 1 1 1 2 1 2 1 1 2 2 2 2 2 1 2 2 1 1 2 1 1 1 1 2 2 1 2 1 2 1 1 2 2 1 1 2 1 2 1 1 1 2 2 1 1 1 2 2 1 2 2 1 1 2 1 2 1 2 2 2 1 2 1 1 1 1 1 2 1 2 1 1 2 1 2 1 1 1 1 1 1 2 2 2 1 1 1 1 1 2 2 1 2 2 2 2 2 2 2 1 2 1 2 2 1 1 1 2 1 1 2 2 1 2 1 2 2 2 1 2 1 2 1 1 1 1 1 2 1 2 1 1 1
 1 1 2 2 1 2 2 1 2 2 2 2 2 2 2 2 1 2 2 2 2 2 1 1 2 1 1 1 2 2 2 1 1 1 1 2 1 2 1 2 2 1 1 2 2 2 1 1 1 2 1 2 1 1 1 1 1 1 1 1 1 1 1 2 2 2 1 1 1 2 2 1 2 1 2 1 2 1 2 2 2 1 1 1 2 2 1 2 1 1 2 2 1 2 2 2 2 1 1 2 2 1 1 2 2 2 1 2 1 2 1 1 2 1 1 1 1 1 1 2 2 2 1 2 2 1 1 1 2 2 2 2 1 2 1 2 1 1 2 2 2 2 2 2 1 1 2 2 2 1 2 1 1 1 1 2 2 1 2 2 1 1 2 2 2 2 1 1 2 1 2 1 1 1 2 1 1 1 1 2 2 1 2 1 1 1 1 1 1 2 1 2 1 2 1 1 1 1 1 2 2 1 2 2 2 1 1 2 2 2 2 1 2 2 1 1 1 2 2 1 2 2 2 1 2 1 2 1 1 1
....
 2 1 2 2 2 2 2 2 1 2 1 2 1 2 2 2 2 1 1 2 1 1 1 2 2 1 1 1 2 2 1 2 2 2 1 1 2 2 2 1 2 1 2 2 1 2 1 1 2 1 2 2 1 2 1 2 1 1 1 1 1 1 2 1 2 2 1 2 1 2 2 2 2 1 2 2 1 1 2 2 1 1 1 1 2 2 2 2 2 1 2 2 2 2 1 1 2 1 2 2 2 1 2 2 1 1 1 2 1 2 1 2 1 1 2 2 1 1 1 2 2 1 2 1 1 2 1 2 1 1 2 1 1 1 2 2 1 1 2 2 2 1 2 2 2 1 2 2 1 2 1 1 2 1 1 2 2 1 1 2 1 1 2 1 2 1 2 2 1 1 2 1 1 1 2 1 2 1 1 2 1 2 2 1 1 1 1 2 1 1 2 2 2 2 1 1 1 2 1 2 2 1 1 2 2 1 1 2 2 2 2 1 2 2 1 1 1 1 1 1 1 2 2 1 2 1 2 1 2 2
 2 1 1 1 2 2 1 1 1 2 2 2 2 2 2 2 2 1 1 2 1 2 2 1 2 1 1 2 2 2 1 1 2 2 1 1 1 1 2 2 2 1 1 2 2 1 1 1 1 1 1 1 1 1 1 2 1 1 1 1 1 1 2 2 1 2 1 1 1 2 2 2 2 2 2 1 1 1 2 1 2 1 1 1 2 2 1 1 1 1 2 2 1 2 2 1 2 1 1 1 2 1 2 1 2 2 1 2 1 2 2 2 2 1 1 2 1 1 1 2 2 1 1 1 2 1 2 2 1 1 2 1 2 1 1 2 1 2 1 1 2 2 1 1 2 1 2 2 2 2 2 1 2 1 1 1 2 1 2 3 1 2 1 2 2 2 1 1 1 2 2 2 1 2 1 1 1 1 1 2 1 2 2 1 1 1 1 1 1 1 2 2 1 2 1 2 1 2 1 2 2 1 1 2 2 1 2 2 1 2 2 1 2 2 1 1 1 1 2 1 2 1 2 1 2 1 2 2 2 2

# then pop 2...
20 20
 1 1 2 2 2 2 1 1 2 1 1 2 2 1 1 1 2 1 2 2 2 1 2 1 2 1 1 2 1 2 2 1 1 2 2 2 1 2 1 1 1 1 2 2 1 2 1 1 1 1 2 1 1 1 1 2 1 1 1 1 1 1 2 2 2 2 1 2 1 2 2 2 1 2 1 2 2 1 2 1 2 1 1 1 1 2 2 1 1 1 2 2 1 1 2 1 2 1 1 1 2 1 2 1 1 2 2 2 2 2 1 2 2 1 1 2 1 1 1 1 2 2 1 2 1 2 1 1 2 2 1 1 2 1 2 1 1 1 2 2 1 1 1 2 2 1 2 2 1 1 2 1 2 1 2 2 2 1 2 1 1 1 1 1 2 1 2 1 1 2 1 2 1 1 1 1 1 1 2 2 2 1 1 1 1 1 2 2 1 2 2 2 2 2 2 2 1 2 1 2 2 1 1 1 2 1 1 2 2 1 2 1 2 2 2 1 2 1 2 1 1 1 1 1 2 1 2 1 1 1
 1 1 2 2 1 2 2 1 2 2 2 2 2 2 2 2 1 2 2 2 2 2 1 1 2 1 1 1 2 2 2 1 1 1 1 2 1 2 1 2 2 1 1 2 2 2 1 1 1 2 1 2 1 1 1 1 1 1 1 1 1 1 1 2 2 2 1 1 1 2 2 1 2 1 2 1 2 1 2 2 2 1 1 1 2 2 1 2 1 1 2 2 1 2 2 2 2 1 1 2 2 1 1 2 2 2 1 2 1 2 1 1 2 1 1 1 1 1 1 2 2 2 1 2 2 1 1 1 2 2 2 2 1 2 1 2 1 1 2 2 2 2 2 2 1 1 2 2 2 1 2 1 1 1 1 2 2 1 2 2 1 1 2 2 2 2 1 1 2 1 2 1 1 1 2 1 1 1 1 2 2 1 2 1 1 1 1 1 1 2 1 2 1 2 1 1 1 1 1 2 2 1 2 2 2 1 1 2 2 2 2 1 2 2 1 1 1 2 2 1 2 2 2 1 2 1 2 1 1 1
....
 2 1 2 2 2 2 2 2 1 2 1 2 1 2 2 2 2 1 1 2 1 1 1 2 2 1 1 1 2 2 1 2 2 2 1 1 2 2 2 1 2 1 2 2 1 2 1 1 2 1 2 2 1 2 1 2 1 1 1 1 1 1 2 1 2 2 1 2 1 2 2 2 2 1 2 2 1 1 2 2 1 1 1 1 2 2 2 2 2 1 2 2 2 2 1 1 2 1 2 2 2 1 2 2 1 1 1 2 1 2 1 2 1 1 2 2 1 1 1 2 2 1 2 1 1 2 1 2 1 1 2 1 1 1 2 2 1 1 2 2 2 1 2 2 2 1 2 2 1 2 1 1 2 1 1 2 2 1 1 2 1 1 2 1 2 1 2 2 1 1 2 1 1 1 2 1 2 1 1 2 1 2 2 1 1 1 1 2 1 1 2 2 2 2 1 1 1 2 1 2 2 1 1 2 2 1 1 2 2 2 2 1 2 2 1 1 1 1 1 1 1 2 2 1 2 1 2 1 2 2
 2 1 1 1 2 2 1 1 1 2 2 2 2 2 2 2 2 1 1 2 1 2 2 1 2 1 1 2 2 2 1 1 2 2 1 1 1 1 2 2 2 1 1 2 2 1 1 1 1 1 1 1 1 1 1 2 1 1 1 1 1 1 2 2 1 2 1 1 1 2 2 2 2 2 2 1 1 1 2 1 2 1 1 1 2 2 1 1 1 1 2 2 1 2 2 1 2 1 1 1 2 1 2 1 2 2 1 2 1 2 2 2 2 1 1 2 1 1 1 2 2 1 1 1 2 1 2 2 1 1 2 1 2 1 1 2 1 2 1 1 2 2 1 1 2 1 2 2 2 2 2 1 2 1 1 1 2 1 2 3 1 2 1 2 2 2 1 1 1 2 2 2 1 2 1 1 1 1 1 2 1 2 2 1 1 1 1 1 1 1 2 2 1 2 1 2 1 2 1 2 2 1 1 2 2 1 2 2 1 2 2 1 2 2 1 1 1 1 2 1 2 1 2 1 2 1 2 2 2 2

# then pop 3...
5 5
 1 1 2 2 2 2 1 1 2 1 1 2 2 1 1 1 2 1 2 2 2 1 2 1 2 1 1 2 1 2 2 1 1 2 2 2 1 2 1 1 1 1 2 2 1 2 1 1 1 1 2 1 1 1 1 2 1 1 1 1 1 1 2 2 2 2 1 2 1 2 2 2 1 2 1 2 2 1 2 1 2 1 1 1 1 2 2 1 1 1 2 2 1 1 2 1 2 1 1 1 2 1 2 1 1 2 2 2 2 2 1 2 2 1 1 2 1 1 1 1 2 2 1 2 1 2 1 1 2 2 1 1 2 1 2 1 1 1 2 2 1 1 1 2 2 1 2 2 1 1 2 1 2 1 2 2 2 1 2 1 1 1 1 1 2 1 2 1 1 2 1 2 1 1 1 1 1 1 2 2 2 1 1 1 1 1 2 2 1 2 2 2 2 2 2 2 1 2 1 2 2 1 1 1 2 1 1 2 2 1 2 1 2 2 2 1 2 1 2 1 1 1 1 1 2 1 2 1 1 1
 1 1 2 2 1 2 2 1 2 2 2 2 2 2 2 2 1 2 2 2 2 2 1 1 2 1 1 1 2 2 2 1 1 1 1 2 1 2 1 2 2 1 1 2 2 2 1 1 1 2 1 2 1 1 1 1 1 1 1 1 1 1 1 2 2 2 1 1 1 2 2 1 2 1 2 1 2 1 2 2 2 1 1 1 2 2 1 2 1 1 2 2 1 2 2 2 2 1 1 2 2 1 1 2 2 2 1 2 1 2 1 1 2 1 1 1 1 1 1 2 2 2 1 2 2 1 1 1 2 2 2 2 1 2 1 2 1 1 2 2 2 2 2 2 1 1 2 2 2 1 2 1 1 1 1 2 2 1 2 2 1 1 2 2 2 2 1 1 2 1 2 1 1 1 2 1 1 1 1 2 2 1 2 1 1 1 1 1 1 2 1 2 1 2 1 1 1 1 1 2 2 1 2 2 2 1 1 2 2 2 2 1 2 2 1 1 1 2 2 1 2 2 2 1 2 1 2 1 1 1
....
 2 1 2 2 2 2 2 2 1 2 1 2 1 2 2 2 2 1 1 2 1 1 1 2 2 1 1 1 2 2 1 2 2 2 1 1 2 2 2 1 2 1 2 2 1 2 1 1 2 1 2 2 1 2 1 2 1 1 1 1 1 1 2 1 2 2 1 2 1 2 2 2 2 1 2 2 1 1 2 2 1 1 1 1 2 2 2 2 2 1 2 2 2 2 1 1 2 1 2 2 2 1 2 2 1 1 1 2 1 2 1 2 1 1 2 2 1 1 1 2 2 1 2 1 1 2 1 2 1 1 2 1 1 1 2 2 1 1 2 2 2 1 2 2 2 1 2 2 1 2 1 1 2 1 1 2 2 1 1 2 1 1 2 1 2 1 2 2 1 1 2 1 1 1 2 1 2 1 1 2 1 2 2 1 1 1 1 2 1 1 2 2 2 2 1 1 1 2 1 2 2 1 1 2 2 1 1 2 2 2 2 1 2 2 1 1 1 1 1 1 1 2 2 1 2 1 2 1 2 2
 2 1 1 1 2 2 1 1 1 2 2 2 2 2 2 2 2 1 1 2 1 2 2 1 2 1 1 2 2 2 1 1 2 2 1 1 1 1 2 2 2 1 1 2 2 1 1 1 1 1 1 1 1 1 1 2 1 1 1 1 1 1 2 2 1 2 1 1 1 2 2 2 2 2 2 1 1 1 2 1 2 1 1 1 2 2 1 1 1 1 2 2 1 2 2 1 2 1 1 1 2 1 2 1 2 2 1 2 1 2 2 2 2 1 1 2 1 1 1 2 2 1 1 1 2 1 2 2 1 1 2 1 2 1 1 2 1 2 1 1 2 2 1 1 2 1 2 2 2 2 2 1 2 1 1 1 2 1 2 3 1 2 1 2 2 2 1 1 1 2 2 2 1 2 1 1 1 1 1 2 1 2 2 1 1 1 1 1 1 1 2 2 1 2 1 2 1 2 1 2 2 1 1 2 2 1 2 2 1 2 2 1 2 2 1 1 1 1 2 1 2 1 2 1 2 1 2 2 2 2

2. geneticArchitecture.dat
2  ! number of chromosome
13 34 ! nQTL nMarkers
22 12 ! nQTL nMarkers
! information about loci (is ordered by chromosome number, then by position of loci)
! following lines include columns 
! col1: frequency of allele code 1 (across populations)
! col2: frequency of allele code 2 (across populations)
! col3: chromosome number 
! col4: position of loci
! col5: QTL or marker (if QTL T, marker F. Note that you have to subset a set of loci from the real as QTL. Usually I define number of QTL is 5-7 times less than number of markers. So, multi-markers can cover/LD with a QTL).
! col6: a random number
0.5925 0.4075 1 0.03335 F 0.171227798174719
0.835 0.165 1 0.03743 F -1.100094555625
0.4775 0.5225 1 1.82367 T 0.246117527796996
....
0.477659574468085 0.522340425531915 2 139.0477 T -1.26656203603409
0.178191489361702 0.821808510638298 2 139.12856 T -2.14145402863444

